147   

4 47 73
11 15 61
17 42 194
20 18 170
22 4 115
25 8 200
30 26 85
32 38 48
37 27 95
46 50 83
49 35 130
54 11 73
56 56 163
57 53 113
60 48 98
66 70 94
69 14 73
77 65 55
79 68 42
81 36 101
83 58 97
84 10 79
89 44 192
97 39 94
103 46 134
106 64 118
108 67 80
114 41 103
121 2 42
123 32 79
126 24 168
128 22 145
131 34 55
135 5 101
137 40 74
139 51 119
147 7 85
155 63 100
159 28 40
17 18 29 45
32 36 3 50
57 36 3 49
57 48 21 33
79 61 37 24
77 75 61 11
121 120 31 23
20 144 60 2
49 50 13 30
57 41 63 6 27
77 72 17 21
77 74 75 61 1
83 85 16 41
84 85 16 49
89 87 45 35
147 148 12 30
57 59 59 21
103 105 59 59 21
106 105 59 59 20
66 92 61 37 3
46 40 72 17 21
84 127 0 8
66 92 127 0 11
17 44 148 12 6
159 158 19 31
20 9 8 54 21
20 18 29 11
11 150 31 9 38
89 150 31 9 4
89 94 61 37 32
66 92 94 61 37 3
60 63 6 28
57 5 0 63 6 11
126 5 0 63 6 4
77 71 142 43 4
135 140 144 60 12
135 140 148 12 2
22 149 1 39
66 92 105 59 59 5
77 74 73 72 17 21
126 5 7 73 72 17 10
56 87 45 30
97 2 100 99 25 4
37 42 43 3 100 99 25 1
106 107 20 38
123 122 124 69 2
155 129 30 28
66 92 94 129 30 1
147 145 144 60 7
106 148 12 10
20 9 109 149 1 2
57 8 54 2
66 67 49 35
126 5 7 73 75 61 21
77 71 76 75 61 1
57 16 90 87 45 3
135 140 104 107 20 14
126 124 69 6
128 127 0 5
89 150 142 43 4
121 92 94 142 43 1
106 148 144 60 4
66 9 109 149 1 12
121 92 109 149 1 3
30 154 157 33 6
79 80 157 33 16
37 42 33 58 52 1
126 125 76 75 61 11
57 16 90 98 23 15
97 2 142 43 19
37 42 43 3 100 149 1 12
155 21 109 149 1 3
126 5 0 36 3 14
37 42 43 36 3 2
46 45 66 35
57 33 58 52 17
66 68 67 49 12
139 138 72 17 3
79 78 62 14
37 42 78 62 16
81 85 16 13
20 90 98 23 1
97 129 30 16
128 93 134 57 31
128 38 134 57 6
155 157 33 5
77 3 31 9 7
49 0 36 3 7
57 33 35 50 13 3
121 120 33 35 50 13 7
46 40 51 71 18
159 75 61 8
11 14 47 48 21 1
32 35 50 13 3
57 41 65 55 6
11 1 101 99 25 9
66 68 93 134 57 2
147 144 60 24
97 2 48 21 19
77 62 48 21 5
77 71 59 59 1
66 41 65 55 3
128 1 101 99 25 10
17 44 40 65 55 3
20 90 99 25 4
137 41 65 55 13
49 0 40 65 55 2
17 101 99 25 5
