457   

7 159 64
10 188 31
12 34 80
14 73 155
16 247 64
17 176 163
19 74 86
25 180 72
26 115 51
27 98 23
28 183 26
29 9 63
31 79 60
32 264 75
35 119 96
40 164 54
43 354 178
44 154 38
59 2 128
69 204 43
70 126 73
72 113 35
74 206 97
75 50 19
79 109 11
82 301 123
84 227 49
86 277 67
88 134 51
89 314 132
93 294 72
95 5 60
96 230 38
101 347 40
102 350 63
103 38 84
107 88 15
108 318 24
110 78 34
111 4 63
112 58 34
116 51 31
120 349 65
121 291 40
122 10 41
124 75 162
126 110 68
128 144 35
129 47 73
131 182 46
133 332 55
134 211 42
135 104 73
137 177 88
138 42 114
147 355 70
151 26 42
152 222 25
154 71 6
158 137 38
159 89 45
164 0 97
166 193 123
167 201 135
168 135 33
170 132 35
174 141 47
175 116 60
176 285 82
178 289 140
179 96 48
184 107 51
186 33 94
188 87 64
189 253 63
190 279 39
191 61 6
194 146 128
195 235 31
196 7 28
198 152 94
200 27 63
203 16 110
205 251 106
207 3 14
208 48 53
218 324 52
223 103 53
226 189 45
227 70 54
228 83 24
230 45 29
234 272 84
238 205 93
241 219 90
242 233 166
245 114 15
248 123 57
252 19 94
254 175 63
259 231 51
263 13 126
264 35 29
266 306 54
267 359 77
268 339 60
270 226 100
271 356 92
272 239 52
275 149 63
277 270 31
278 29 99
280 241 36
281 30 113
282 344 36
287 14 65
288 333 93
296 136 16
297 250 52
301 95 92
308 331 107
310 128 64
313 334 29
320 292 72
321 179 111
323 262 35
326 326 69
327 348 35
328 52 81
330 298 72
331 259 82
333 300 42
334 303 84
335 194 86
336 341 114
338 187 97
342 57 45
346 242 74
349 323 96
363 21 55
364 257 40
375 199 74
377 297 37
381 215 69
383 274 187
384 97 26
385 319 56
387 192 84
394 165 14
396 269 53
397 66 118
400 358 91
409 125 82
411 208 43
414 6 58
415 92 106
416 353 103
423 220 161
424 232 51
426 124 92
433 260 34
437 218 41
438 167 129
448 127 45
451 160 36
452 1 25
454 39 26
457 54 51
459 327 68
462 184 68
463 100 124
464 221 135
469 320 34
473 59 28
474 275 108
475 357 90
480 266 14
482 77 163
487 56 43
489 315 57
491 90 66
494 295 41
496 18 77
497 84 55
499 302 68
500 248 118
503 252 168
505 32 145
507 117 115
520 328 163
522 148 44
525 307 127
528 139 46
529 345 165
537 316 56
538 133 66
541 36 70
542 202 131
548 338 147
551 223 47
552 49 90
553 94 34
554 172 54
556 321 79
557 72 135
562 258 13
565 178 58
568 145 33
569 236 46
570 225 65
574 122 62
575 91 86
576 209 127
578 69 48
579 330 25
580 280 51
584 313 138
587 282 59
589 212 20
592 191 78
594 156 61
595 25 29
599 271 55
600 290 12
609 207 36
624 102 26
625 86 57
626 147 33
629 293 52
632 112 70
634 346 87
636 23 39
638 351 72
640 41 78
641 64 176
643 162 93
644 28 49
646 216 123
651 37 42
653 305 64
654 151 61
660 81 165
661 46 71
663 299 119
664 108 37
668 198 65
670 169 69
671 171 86
672 254 79
676 53 50
677 22 46
678 340 29
679 322 63
684 99 59
685 118 52
687 158 63
692 267 44
695 143 54
710 311 43
711 281 80
712 284 22
714 111 31
717 65 46
718 246 92
719 166 76
721 276 28
722 197 25
724 273 70
728 261 15
731 309 141
735 243 35
739 68 146
741 31 92
742 256 155
745 185 101
751 343 150
753 265 70
755 24 73
756 325 81
757 245 72
760 161 88
763 138 22
764 217 17
765 308 49
767 140 90
769 244 46
770 155 106
771 17 72
773 8 52
774 296 73
777 352 45
778 170 43
784 153 104
791 249 127
797 168 92
799 278 29
74 73 335 40
671 83 214 8
271 269 80 46
350 359 43 10
176 370 238 32
364 370 238 1
383 386 63 12
409 408 234 34
684 428 210 11
784 428 210 39
525 524 337 5
548 549 93 36
643 642 174 8
424 730 15 11
474 759 150 18
82 780 237 45
778 780 237 47
44 46 55 22
499 63 263 29
525 62 63 263 18
72 73 335 17
760 83 214 6
188 187 304 19
43 41 187 304 35
211 233 76 40
238 237 121 17
275 237 121 33
287 286 40 14
330 329 163 33
414 413 130 31
760 432 62 6
375 435 342 14
437 435 342 22
267 481 131 21
108 488 286 45
496 495 11 11
552 550 268 16
626 627 228 7
653 652 190 38
59 62 63 263 1
82 81 312 35
350 127 60 21
777 127 60 9
154 155 240 9
14 145 141 161 336 27
757 146 141 161 336 22
189 187 304 47
711 243 82 31
270 269 80 12
281 279 105 41
331 329 163 17
364 366 129 5
778 779 366 129 19
692 402 203 11
416 413 130 46
505 413 130 46
463 466 213 27
241 546 545 549 93 8
576 577 200 13
301 642 174 23
641 642 174 24
557 759 150 42
791 793 196 34
43 41 42 195 9
59 63 263 5
88 91 87 181 22
59 98 255 22
112 113 317 30
556 127 60 23
503 501 155 240 7
101 243 82 40
685 67 65 246 288 6
288 286 40 30
288 289 286 40 28
592 591 370 238 13
14 145 716 367 370 238 1
263 386 63 8
384 386 63 13
385 386 63 14
396 395 186 19
464 466 213 46
463 465 466 213 11
480 481 131 31
505 506 229 8
542 706 627 228 16
354 675 85 50
685 686 12 41
574 698 287 19
739 738 173 1
742 738 173 26
525 759 150 22
760 761 67 35
797 795 106 49
794 796 101 9
84 46 55 11
88 90 91 87 181 8
111 113 317 3
784 143 185 120 10
584 618 185 120 28
242 243 82 4
74 71 370 238 31
364 368 370 238 1
714 716 367 370 238 3
394 395 186 2
211 402 203 33
426 427 142 3
301 304 430 428 210 7
166 162 435 342 9
735 506 229 26
799 506 229 11
742 703 549 93 19
16 736 703 549 93 5
10 5 351 357 675 85 26
741 738 173 30
778 779 780 237 2
797 796 101 3
69 50 98 255 3
126 127 60 7
757 146 141 155 240 4
184 185 120 4
320 318 20 49
321 318 20 1
72 71 370 238 8
778 779 366 370 238 6
423 395 186 19
381 559 402 203 14
234 450 329 21
542 549 93 12
86 85 675 85 9
774 775 44 31
342 344 142 775 44 6
454 795 106 17
342 344 795 106 30
385 53 57 795 106 10
714 716 319 42 195 6
108 109 157 29
644 161 336 10
528 526 187 304 12
43 352 402 203 32
433 432 62 8
774 2 4 432 62 14
241 244 566 563 283 18
653 655 652 190 5
653 656 224 4
385 53 98 255 2
245 247 98 255 6
107 109 157 1
211 243 82 8
496 403 402 203 9
43 4 432 62 4
43 41 567 563 283 1
640 642 174 7
773 775 44 1
203 98 255 16
714 716 319 318 20 4
10 5 351 357 428 210 1
654 656 224 5
363 361 310 25
565 563 283 7
170 699 698 287 9
595 593 427 142 12
